0.336057
0.111813
0.147927
1.13045
0.850483
0.292004
0.266597
0.770023
1.13285
0.510204
0.501997
1.08421
0.248811
0.142675
0.391907
0.629667
0.135768
0.414617
0.277623
0.20885
0.644049
0.364687
0.290799
0.0415911
0.556604
0.14548
0.987801
0.249106
0.880721
0.76767
0.660925
0.580518
0.136265
0.153585
0.443958
3.03391
0.613645
0.387841
1.12393
0.700295
0.607438
0.988992
0.571319
0.679143
0.0848351
0.685905
0.557672
0.471604
0.305347
0.0359573
0.134693
0.891111
0.281929
0.852157
1.0501
1.49984
1.8195
0.294054
4.4815
0.213853
1.5771
0.0802756
0.49044
0.302989
0.477593
1.60694
0.621434
0.641965
0.114825
0.110846
0.672946
0.231984
0.0482968
0.230024
0.395402
0.580707
0.194785
0.0907893
0.976439
0.338127
1.14261
0.857346
0.954782
0.653861
0.156005
0.261841
0.267732
0.290979
0.293842
0.55976
0.329942
1.05749
0.439152
1.37126
1.48136
0.497332
0.45966
1.25265
2.03449
0.916555
0.988581
0.7936
0.327825
0.307287
0.971311
0.481342
2.53725
1.02425
0.520123
0.19102
0.117135
0.48013
0.405876
0.368731
1.19553
0.50245
1.0153
0.199166
0.551964
2.35158
1.96765
0.405575
0.107026
0.876458
0.0808615
0.170082
1.06609
0.322963
0.317899
0.398789
0.692028
0.464077
0.37443
0.438731
1.146
0.131108
0.415087
0.110325
0.0463867
0.70788
0.224616
2.31096
0.083938
2.19238
0.65848
0.336794
1.19517
0.499446
0.623278
0.201725
0.134943
0.700411
0.616083
0.327462
0.0509889
0.627324
0.0873218
0.0179973
1.85317
0.283342
0.364742
0.102671
1.25994
0.0883045
0.35848
0.468051
0.631487
0.077799
0.610954
0.935169
0.157104
0.392221
1.75499
0.357911
0.235277
0.78255
0.911363
0.272913
0.58422
2.26321
0.544674
0.311636
0.0388109
0.241154
2.38792
0.40377
0.388803
0.708283
1.61128
2.02217
0.575408
0.433841
5.11099
1.95916
0.540324
0.615066
0.309237
0.124134
0.218744
0.683376
0.638075
0.539947
1.39399
1.51307
1.17643
0.561225
1.20515
0.233953
0.728466
0.202018
0.611202
0.966377
0.0881486
0.0749255
0.456687
1.07321
0.627789
1.60986
0.0881678
0.529626
1.42864
0.607348
0.554064
0.375652
0.169734
0.332352
0.147633
2.7975
0.562982
1.72095
3.57178
0.280473
0.0403321
1.18798
0.359049
0.594274
0.946167
0.427722
0.229627
0.260302
0.176471
0.254109
1.80214
0.351055
0.288542
0.983263
0.636871
0.58358
0.119747
5.12596
3.44155
0.23806
0.250963
0.737568
0.495152
2.20566
0.362675
2.49345
0.660341
0.0747984
0.780176
0.243104
1.63574
0.289092
0.619744
0.782669
0.743726
1.33247
0.216495
0.0975492
0.636815
0.642908
0.242986
1.82476
0.168189
0.769767
1.52555
0.897191
0.318512
0.37695
0.811625
0.362835
0.21949
3.34574
0.413934
0.269391
0.646465
0.276399
0.213536
0.13971
0.231629
3.06687
0.372838
1.75801
0.990039
0.753807
0.337888
0.469433
1.98826
1.78034
0.241836
0.817442
0.472429
0.483213
0.341501
0.0859622
0.509574
0.975101
0.392409
0.594048
0.832648
1.44657
0.0471493
0.254923
0.149649
0.0888258
0.330976
1.84601
0.230414
0.962745
0.86199
1.55328
0.291959
0.827429
0.658637
0.421505
0.975383
0.686537
0.438389
0.0656358
0.448359
0.100833
1.36542
0.144771
5.9692
1.30041
0.440708
0.513489
0.41826
0.175163
0.117358
0.575737
1.2452
0.545922
1.0086
0.0685876
0.914802
1.25236
0.883133
0.103869
0.693225
0.39514
0.203438
0.669787
0.917519
0.152656
0.42241
2.42642
1.56073
0.635667
0.835843
0.128321
0.420364
0.222341
0.307548
0.351281
0.184675
0.167571
1.52443
0.763233
0.463271
0.323052
0.664505
0.583052
0.312501
0.503821
1.17317
0.514819
0.133568
0.554658
0.384482
0.356469
0.472216
0.0862924
0.0483381
0.477427
0.352708
0.965306
1.11125
0.964205
0.153199
1.172
1.36977
0.530924
0.40936
0.34882
0.32796
0.0701739
0.798467
0.219381
0.445322
0.650763
0.715338
0.110435
0.600681
0.228419
0.0329317
3.70225
0.378649
0.650617
0.102571
0.0514575
0.195494
0.180672
0.400993
1.60566
1.86898
0.317154
0.918578
0.510743
0.445767
0.154726
0.0934794
