-0.725058
-0.319129
-2.91127
-2.67597
-2.85356
2.69176
-3.63847
0.13972
2.87487
4.00814
0.189161
4.45476
0.0213887
-7.29136
2.60593
-0.887654
0.830027
4.06208
-1.5553
0.466527
3.43673
4.65047
-3.00827
6.28574
3.86839
1.38841
-5.2332
4.14717
-2.72941
4.9383
0.594833
0.25728
-1.47012
5.78157
0.830855
5.48567
-0.524969
-1.93056
2.01923
1.46283
-6.90247
0.59623
0.352139
-1.74637
3.60391
-3.22819
-2.01035
-3.35179
-3.51496
2.23373
5.64911
-0.818002
4.03469
2.64276
-1.09085
0.749543
-3.0714
0.291747
2.17233
-2.38027
1.94007
-2.96462
0.285141
3.6374
-3.5425
1.4455
1.96428
-0.0522815
-0.602872
2.20722
-0.0302217
7.32596
1.87899
-1.53671
-3.13739
0.302208
-3.70478
-3.43732
-3.03462
-1.69213
-5.91178
3.67559
4.82771
0.0316692
-0.698096
0.558558
-6.1526
3.77161
2.49483
0.963911
1.72862
-4.1466
4.02514
2.33846
-0.840478
3.35114
-0.231231
1.96595
4.15247
-2.12126
2.01709
4.77503
1.40987
4.64996
5.06975
-4.85056
-1.75701
-4.46764
1.17993
-4.22179
-4.50803
-4.54568
1.39312
-2.20838
4.11219
-4.68506
-3.46935
-2.07405
3.7494
0.745293
-1.4873
-1.54499
4.08879
-1.17191
-9.50878
0.657614
1.28395
0.515815
-0.426159
3.29976
-4.93002
5.10858
5.45908
1.84542
-0.781306
-2.69462
-2.49056
-9.98381
1.10378
-1.46824
3.5235
-1.27025
-3.39275
4.56837
-2.71613
1.05565
-3.41153
-3.00148
-3.53825
1.43196
3.19771
1.67258
3.72194
2.46013
3.79342
5.51907
4.8658
4.40188
1.10886
-6.1178
-0.836539
3.36567
4.18785
-1.36417
-2.7718
6.61168
-4.08203
-5.3273
-5.24339
-0.583942
2.66188
-6.49076
0.946927
-3.80154
-3.31836
2.44701
-1.19487
1.81471
-1.34296
0.148737
1.2126
1.93899
3.56445
1.42853
-2.89812
4.32701
0.727667
-2.3637
-3.18922
-0.502901
-0.248543
-2.56749
-1.2346
1.81679
1.7299
2.11883
-0.631196
2.89421
0.524292
-0.610246
1.98579
-5.31372
-2.48051
0.198979
-0.203737
-3.02823
-4.48997
-1.94692
-0.387108
0.719267
0.0107262
4.09023
0.445899
-6.22731
-7.22041
3.1475
-1.19437
-1.68977
-2.37252
2.52722
5.1301
-2.56202
4.49087
0.98483
-2.3559
0.925859
2.23716
0.0662851
-0.834775
0.534025
-0.518342
-2.53382
2.97424
-2.41147
5.48106
-0.113222
-7.04401
-1.83804
0.758363
-1.17261
-1.54201
-2.2829
-0.675776
3.82488
-0.0828776
2.06548
-5.05285
-0.527308
-2.78652
-1.82448
1.05216
1.71545
-3.32636
4.27503
6.09148
-4.18886
-1.54271
1.0264
1.81167
-2.39651
1.67735
-0.154187
-0.717782
-1.18789
0.303322
5.60516
2.53126
1.02606
-2.03983
-6.35432
-1.55033
2.28
2.87612
-4.18852
-4.98363
-3.07215
-3.61261
-2.22838
-0.77046
-4.03788
7.10128
-3.49547
-2.21688
1.02938
-1.82358
2.11663
4.87672
-1.36747
-3.00215
-0.816237
2.69391
-2.35985
2.68835
5.65882
0.0917868
1.3834
2.52194
-0.723347
2.51382
-3.51755
1.25124
3.12101
3.31682
-2.45678
1.60419
4.25964
-2.60957
1.02052
1.74778
4.22638
3.3665
-2.01679
-5.0676
5.17651
-4.40772
1.52801
5.31972
4.80352
-1.78962
4.48573
-0.617806
1.43437
0.878031
1.24534
2.17778
-2.26266
5.73674
-4.53654
-4.92601
-1.6436
-2.40047
-0.271557
-4.36827
2.67346
1.4023
6.87032
1.99327
-4.05217
4.20784
3.49572
3.46909
-1.72893
-4.86819
0.476062
-1.77383
5.54115
-4.24062
-6.20648
2.83422
5.42797
-5.08896
1.72491
-4.6369
-3.14877
3.02009
0.838278
0.61482
0.345863
5.67997
3.00505
-2.83707
-1.45582
-3.74041
0.397845
-0.862657
0.154082
5.95393
-3.39693
-0.108043
3.49099
1.06203
1.3997
2.66615
4.62901
0.631332
-2.2862
-4.00397
1.82741
6.8903
-0.736336
2.95364
4.12571
-1.57657
6.30715
7.44848
4.21865
-2.37024
-3.37825
1.80243
1.92247
-7.00494
-1.92415
0.542633
2.35872
-1.90635
-2.08858
-3.3098
-5.12136
3.14882
2.34744
5.10631
2.92201
0.601111
-2.11535
-2.55415
-0.989119
1.34436
1.31759
-3.11604
3.05689
-0.349413
5.62991
-4.25248
3.73868
2.97807
-3.05763
-0.519973
-2.3527
-0.638391
3.91348
2.19701
-0.31563
3.89919
-0.138392
3.35782
4.7464
-3.24349
0.647292
-4.25041
-0.922144
5.20681
1.17166
-4.09515
5.18127
-1.73998
-3.83808
-0.446251
4.74816
0.986725
6.39209
-1.2213
-6.66338
-1.25356
-1.6661
4.40571
-1.32109
-0.092788
-0.817758
-0.371139
-3.72428
-3.11013
-7.05785
4.4781
-2.59853
2.04632
-3.66146
-5.78335
3.35242
-1.92419
3.37668
3.08774
-1.82003
-3.87596
0.524215
5.42278
0.365301
-3.90967
3.32806
-0.769996
-3.91894
-0.454518
-4.88229
-3.80482
-0.122745
-1.32274
1.608
1.244
5.42359
2.50807
7.26504
-3.48836
3.22076
-1.05058
2.78082
-3.8145
1.41768
6.39157
-2.48038
-4.36695
6.36917
-2.3263
-3.34008
-7.02644
-4.18494
-3.2792
-1.70673
-1.75592
-0.992008
-2.65347
-5.85883
5.02631
-1.64942
-1.06734
-5.87476
3.42199
-2.06155
6.08418
5.13547
-2.47041
2.17513
-5.18675
5.97222
5.61303
-2.08535
-3.311
0.0964195
-2.90536
1.63192
0.484626
-2.73401
2.57785
-0.0817713
-1.55226
-1.85379
1.48253
-0.75979
-1.20722
6.40648
4.26353
-1.42134
-4.12701
-2.07091
3.26854
1.33117
-5.88805
-1.29941
1.88235
0.600257
-1.58096
5.20835
1.02798
-1.61623
3.47599
-2.15231
3.61135
-2.59172
1.00782
2.26655
1.77528
-5.68872
-0.721649
5.03321
-0.298968
2.83733
-3.06847
-6.25012
2.23372
-0.373659
5.72157
1.80589
5.25775
2.08317
1.57047
-3.76115
-5.60638
0.0399724
0.00161186
-2.41442
-3.50279
1.41896
0.341144
-5.03136
-2.2642
0.847687
1.79316
0.640034
9.04462
-2.01304
-0.186453
-2.30514
1.82668
2.34918
4.1224
1.53248
3.78821
-0.564577
5.5788
-1.41144
-3.43231
1.07428
-3.45279
-1.7548
3.44841
0.836455
0.336384
6.80265
4.64454
0.594879
-1.70833
0.195131
1.83255
0.964785
0.952077
-0.222579
-2.03589
6.47146
-4.14354
2.17647
-3.80756
3.68194
-1.17373
5.52229
6.75041
-2.94674
-1.9602
-4.95056
-0.791561
4.43392
1.31807
5.8773
0.13309
0.531385
3.16364
-3.17567
0.822519
2.64404
2.94423
0.961585
3.29477
-0.771276
0.487278
-9.83744
-5.22219
7.56468
7.3984
3.99729
7.12032
-3.52964
-8.124
-1.52879
2.24034
3.22287
-1.14188
1.18805
-1.01868
-2.13331
4.47485
0.323254
5.73179
4.33538
0.00571666
1.36563
-1.80887
0.311196
0.432939
-1.96221
-0.926002
-1.22115
-2.51081
-2.1226
-1.81247
0.322864
-2.70566
-3.66695
1.50823
0.796693
-2.89496
-4.20837
7.60563
-1.26748
-3.64041
-0.60349
3.45391
4.78554
-0.122666
-0.312844
3.59854
4.24275
-0.732707
0.387575
5.28246
3.03909
0.366927
-0.83663
-5.79938
-4.30581
2.04395
-2.91274
-1.20468
-3.2412
-5.12665
-0.44192
-1.28979
-0.743389
1.30638
-2.76376
5.30033
-2.82038
-0.342572
6.67102
2.43334
-1.74894
-0.888492
0.919664
4.07637
4.37823
6.87452
4.79827
-0.682088
-1.32958
0.251367
-2.34875
0.367013
2.76032
-3.82084
1.12235
2.60472
-4.09205
-2.00034
4.0354
4.51235
-2.76459
2.99797
-3.57418
-2.32628
-2.09695
4.93585
-1.79809
3.46893
3.4262
-0.707987
-4.67287
2.38677
-3.64272
3.01656
3.26023
-1.64512
-3.73297
0.647586
4.12125
-3.87664
-4.15862
-2.29519
-5.67433
-0.101963
-1.28821
-1.82088
-3.29926
1.32921
4.36756
-1.62262
3.47405
3.35608
-1.74528
-3.06445
4.37658
-1.52636
-6.37032
1.32062
6.29695
-0.354008
4.26698
1.19741
-2.22637
4.95423
4.92964
-4.47992
-4.87199
5.27911
2.66931
-1.18843
2.91445
-2.37392
0.554119
-2.61553
-3.48887
-7.22143
-5.24326
0.804107
1.21946
2.18578
0.402647
-0.148015
-3.47154
-3.68152
1.74874
3.39527
-1.25758
-3.09862
-2.33596
-1.93352
-2.75522
-2.6296
1.58519
4.23333
-2.60222
7.38706
-2.40278
-2.20867
-2.14929
1.06189
-3.79858
0.585375
-0.584997
-1.76283
3.97378
0.582763
4.50502
0.778052
-4.81391
-0.750182
1.6556
-0.62097
3.83353
-5.69174
0.771708
0.760992
-3.75701
4.0842
4.55768
-6.82059
0.183576
0.143699
-4.76497
5.33371
-1.48476
-0.804633
5.56034
-5.69746
-5.13411
-1.92536
0.317167
-0.891726
2.58804
-1.47635
-0.408861
3.00125
-1.95439
2.87268
3.07199
-6.24822
1.56749
3.4685
0.636955
-1.16757
3.87271
1.05621
-1.68968
2.31982
1.29425
8.6647
-8.09831
0.085859
-0.614125
-2.83289
-3.58796
-0.477865
-3.53995
7.07519
1.54135
-0.961606
1.93512
-4.5605
-2.50575
7.44587
3.15627
-1.14936
-2.58134
-1.21203
10.6799
6.33452
-1.21008
0.0443742
-1.73434
-5.84748
-1.32181
-3.44693
-3.43568
0.771932
-1.7059
-3.26706
0.491869
-0.632361
-0.744086
2.41674
-0.842525
-2.06389
1.12165
0.121917
0.402149
5.90866
-6.91735
-4.17789
2.44561
3.23895
-0.392062
2.13007
0.690631
-5.22321
-3.39371
3.34612
-1.34652
2.90362
2.89978
-1.39708
-4.82528
-0.149955
-6.7348
4.73094
-4.20125
-1.07485
1.55986
3.53063
0.553687
2.57679
4.36557
5.26454
-3.94308
3.67374
4.18536
1.69343
6.52159
-0.172383
-0.23675
-5.02134
5.87161
-3.79759
-2.26902
-2.41462
-8.19927
-0.819238
5.19999
-2.10407
-3.16705
4.04666
-2.40734
6.42034
-1.15195
-0.649695
-0.4102
6.83743
-0.407234
-2.6729
-0.805525
0.433072
0.648377
-0.432548
2.66837
5.84063
-0.0349041
-0.266059
0.110587
0.08862
2.52439
-1.74636
-1.62628
-1.00647
-7.0538
5.74134
-1.57173
0.135661
-7.09719
-0.983236
-2.33749
-0.951724
-4.4825
-4.49525
-3.70415
6.32399
1.72837
7.2269
0.900582
1.87499
1.85946
-5.74841
2.9383
-1.43557
-4.35907
0.836316
-3.28835
-0.262359
2.312
-4.9226
3.19105
-0.534463
-2.89283
-3.58182
-1.30069
-1.53557
6.469
-3.42739
-2.99879
-1.69976
-5.41543
5.06109
1.71334
0.910899
2.05361
-1.04096
1.21224
5.52323
2.04149
-2.87402
4.62341
7.0826
-7.02771
3.06317
4.0416
-4.37643
-0.254083
0.108617
3.69946
-2.81
7.68134
0.0330743
3.68755
-8.56183
-2.80442
2.51736
0.762984
0.934491
4.51633
-1.79159
-0.232217
1.51009
-5.41262
-2.63031
-0.0456277
1.67096
3.9703
-2.82787
1.57266
-4.55674
-2.15007
1.47062
-0.599493
4.04922
-0.581612
-4.40862
-4.98939
-1.86477
-2.42646
-1.81695
-2.89104
-5.54937
-3.82552
-2.65288
4.15161
-0.288944
-3.79011
3.10925
-1.12799
0.669629
6.4438
3.95551
-3.46055
-4.27662
1.10669
1.11188
0.00288531
0.86757
-2.96573
-0.923028
-1.01607
-2.11182
3.28392
-4.42966
3.88515
-1.79021
-4.59872
4.9741
5.20214
2.78178
-2.22249
-3.77564
1.48631
1.88013
1.95295
1.86347
-8.03279
-0.103959
0.68027
2.87184
5.17307
-2.43746
5.43707
-2.37149
2.67691
-1.93842
-4.86896
-1.86439
-5.18156
-3.91374
4.35803
2.04522
-3.47672
3.61943
4.32864
-1.71023
-1.13387
3.94842
2.90378
3.0091
3.73746
-6.04711
3.35186
3.13265
1.64385
8.75086
2.27363
-1.83178
-3.06623
-5.61303
1.93637
-0.476396
4.47956
6.20369
3.04561
2.06622
-1.54765
1.85746
1.86524
-3.66823
-1.13634
-0.618652
-7.57791
1.01997
-0.741945
-1.28722
-0.872356
-1.84912
2.56113
-3.41003
0.781817
0.160295
2.60782
-4.25665
6.63954
1.25664
-0.89031
2.7457
5.13397
-4.06298
-0.0758443
0.238485
0.218552
0.291915
-2.45511
-2.04998
1.22686
-4.46967
2.25822
4.64316
-0.112044
6.84099
-2.23202
3.28108
-0.955164
-0.793628
-5.91828
1.68042
2.06325
-4.05959
2.18379
-0.754263
2.17672
3.7556
-1.22482
2.22568
2.36975
0.951067
0.962491
2.58332
4.41305
-4.2552
-8.04674
0.362662
-3.91222
3.12539
-1.42168
2.10327
1.18887
-1.83874
-4.01673
4.06058
2.32922
0.351056
-5.94467
0.76794
1.33464
0.602663
0.072134
0.772358
-1.36193
-3.69689
4.63416
3.30984
-2.90593
-4.18299
2.96658
1.80671
4.26828
-2.85315
-5.44711
-0.00884946
-4.8106
2.80164
2.31364
3.24148
0.579204
1.32928
3.9963
-5.85371
0.702034
-4.81364
-5.87312
7.23603
2.35805
1.09815
-0.127849
2.01252
0.324764
-4.37754
-1.76054
-1.62909
5.02266
1.03451
-3.7455
-6.27228
-0.962161
-4.40234
-0.598569
-1.59553
0.359182
-2.20222
-2.36833
-4.49441
-4.61456
4.23027
2.11294
2.57422
1.59999
4.15919
2.51291
-1.05483
4.93073
5.47284
1.89419
-4.3448
1.78988
-2.49378
-1.3428
0.827404
1.21795
5.34844
-0.732515
2.65929
1.61353
-0.968722
-4.24388
-3.89721
3.91951
-4.74355
5.24537
-4.97523
1.9375
4.51925
-8.20378
-3.77331
-0.117638
2.21477
8.46391
1.5057
-1.60489
0.715299
-3.4548
3.06253
-0.51837
-0.936059
-0.14567
-1.06678
-7.1366
-3.93803
2.61817
-1.30428
3.21726
-4.27294
-0.96538
-6.29168
-6.61391
1.67953
-4.26771
6.64581
-3.86449
3.72854
1.98505
2.83193
-7.44679
-2.89032
2.46543
1.64187
-0.892614
0.1318
1.28274
-0.619589
-1.79425
6.56934
4.59735
-3.55257
4.10082
1.69366
-2.11714
-1.08355
0.33549
-4.22348
-2.97944
4.94431
-3.56309
1.58283
3.64786
-3.96385
-3.98098
-1.96676
5.80842
-3.3864
-0.0333874
1.54571
1.90579
3.8127
6.50836
4.95619
1.37171
2.89676
-7.43633
4.74293
1.03657
-0.0670368
-3.50996
0.130455
1.13946
-0.193689
-0.177885
4.12364
0.732321
-2.80292
2.6795
-4.42182
-3.56632
-3.83873
0.291895
2.39304
5.11387
2.01254
-5.16277
5.23507
-6.6713
1.04114
2.67714
-4.83795
2.92988
-2.33401
-5.29113
2.19178
-3.02041
-2.82354
-1.6393
2.09984
0.148652
0.759192
4.47656
-4.67052
2.0258
-0.253221
0.149701
-6.93528
2.43806
-1.56435
-3.2297
-3.80418
-2.30477
2.00671
4.31663
-1.01101
-1.97997
-6.06748
3.533
3.19628
-0.230943
3.05448
0.117742
-1.16695
-1.12928
0.192768
2.55208
0.801176
2.02069
-0.593025
2.18903
1.02228
-4.18814
2.23275
3.93699
-1.90118
-3.70037
0.316461
5.26999
0.448643
-0.479247
-4.30007
1.28445
-6.06699
1.54139
1.91843
-4.59787
0.703339
-6.10565
1.07025
4.47572
1.7314
0.19356
-0.387895
-0.742804
4.55192
-5.73416
-1.86796
1.0695
-4.55742
1.33722
-5.04904
-2.40788
1.18964
3.58458
-1.57776
-0.47268
3.68139
-3.98925
0.996649
-2.61018
2.66151
0.979884
-0.1163
-2.44899
3.15371
-0.137282
-0.905134
-0.200237
-3.8665
-1.55627
-0.370768
1.7693
1.36484
1.07128
1.07827
-3.80344
1.75264
1.72739
-3.64054
1.67932
5.03317
-2.11744
2.33645
-0.924299
-3.4174
2.53863
-2.27628
0.16824
-3.34858
3.29217
1.4382
-1.71839
-5.4295
-0.208421
0.946112
6.0327
4.58141
-3.57936
2.57012
1.08468
-1.35913
0.399871
6.06908
3.77228
0.153244
-0.242987
-4.00145
1.21983
-0.00786247
1.41342
-3.70507
-4.32896
0.0842853
3.73961
-3.34464
1.57456
1.48471
-5.27826
0.245831
-0.623225
-3.56374
-0.621096
1.92438
0.0851488
0.942569
-3.52631
1.00288
2.62076
2.58799
5.37093
-1.6435
1.79368
1.68718
2.69205
-1.98483
-2.21708
-3.09531
4.89
4.7604
4.8549
-5.12822
-0.297022
0.208785
0.163729
-1.96799
5.00525
2.09085
0.797154
0.702297
1.41682
1.26072
-4.30018
1.71726
0.494871
5.3119
2.64171
-1.40611
3.45637
-2.79824
4.61644
0.311951
-2.55403
-0.681186
-2.191
-1.60988
1.69246
2.12334
1.23507
2.56356
0.3061
-2.37265
-3.13805
1.8184
3.20996
-0.839219
-2.66326
3.28508
-5.92751
4.50536
-2.60081
-4.43089
1.25152
-1.74687
-1.3388
-1.74353
0.438437
-0.925871
1.19971
-1.19586
1.17105
-2.45575
0.148894
0.222409
2.36307
3.75106
4.41236
-0.138131
-4.42352
1.19084
-1.35227
-0.672956
7.91842
-0.484039
-2.49405
-0.353096
-3.6076
2.22001
0.0340753
0.993461
-1.03674
4.28739
5.48258
-2.61968
-0.161463
-0.891574
-2.90306
-3.29702
-0.594705
-3.25507
-0.97289
-8.64937
-3.87025
-4.66023
4.28717
4.33303
-1.08006
-6.74373
-1.52667
6.58248
4.57755
3.72399
2.28866
0.094148
-2.35324
1.45406
0.240884
-6.49872
2.36394
0.386535
-3.67851
-4.55952
-7.32588
-2.98575
-3.65289
-0.915641
-2.17994
1.14393
-1.13811
-2.6855
-0.819124
-2.93793
0.815146
5.44236
-5.51518
-1.7488
-3.65288
-6.80371
2.55169
2.1615
2.10987
-4.72527
3.36362
-1.62736
2.92312
3.037
4.82225
-1.27636
0.0917622
2.74841
-3.68703
1.45702
2.23569
0.385568
-0.906896
0.343252
-0.811717
-5.81615
-1.6541
3.09452
2.49284
-0.296824
1.18779
-0.0721877
-1.41517
3.74661
-1.05834
-4.13662
1.42876
-1.17327
-0.188553
1.20852
2.19336
-1.27738
-7.23104
1.10289
2.60624
0.365055
0.513073
-0.207623
-4.98345
0.259889
-3.48124
-2.0126
-0.618306
-0.219903
-4.83772
-5.66734
4.17954
-1.8221
1.61544
2.77757
3.71721
1.44694
-5.38786
-0.711451
-5.94606
-2.20042
-2.08125
-3.56569
5.3179
-1.24623
-2.67139
3.01077
3.48292
-2.21184
-1.78125
3.32835
1.24215
3.26376
5.20193
3.30747
-5.46537
-0.724947
-1.18547
2.42958
-1.46568
-1.11078
-4.668
0.277319
2.99679
-2.36613
-0.285445
-5.46748
-2.5959
3.00575
-5.56818
-2.31023
4.80416
-0.0223849
0.535135
3.06895
-4.67319
-3.5787
-2.54278
1.61253
1.35759
-1.31962
-5.74852
3.32236
0.358501
-2.37247
5.05111
-0.708231
0.791704
2.31574
2.08248
-2.33195
-0.857526
0.467616
1.47008
4.36851
0.542914
-0.027085
1.02934
-2.50083
-2.00147
-6.06579
-3.62861
5.28429
-1.81023
-2.24861
8.66945
-0.0986383
6.17736
-3.7377
-0.225271
1.83685
-5.17548
0.571181
-4.53878
-1.45037
1.25632
-1.42008
4.69156
0.708251
-2.73908
0.147028
0.351861
-0.474857
-3.49372
3.67831
-8.56066
-3.22797
-2.37234
0.268377
0.404662
-0.036431
-4.40854
1.19093
-1.23703
2.40377
-2.64634
-2.31731
5.94534
4.64809
5.60711
3.11251
-0.914633
-4.2227
2.43855
3.1715
-1.30365
-6.65787
-1.19823
-0.413315
-4.469
5.92278
2.1242
-1.99935
-3.417
-1.35775
-1.98953
-0.476523
1.54576
2.18568
-1.99593
-1.87019
2.28872
0.288605
6.30553
2.63402
4.36412
-0.872381
-4.39006
5.23092
1.28686
-0.836459
4.21225
5.1846
-5.89881
-2.38033
1.23574
6.9115
3.46502
-4.12921
-3.69764
1.26856
-1.7353
0.790217
1.46669
6.9174
-2.69403
-0.229962
-2.53775
-3.14079
5.30893
-2.41941
-6.89383
3.32748
-0.75063
0.854223
-4.32741
1.90807
2.11885
-4.59756
3.93298
6.52248
-0.0773802
-2.40037
3.14836
4.02491
5.8366
6.45576
1.54939
-4.52793
2.19048
5.38575
-2.52402
1.21073
2.807
-1.05422
5.11897
1.19407
-1.4988
-0.814168
-0.851894
-1.15026
-0.156492
-4.88113
0.0625335
-7.83936
-3.0712
-7.00204
0.540316
5.99967
0.507003
1.46942
-2.87383
3.82117
0.158624
-4.92094
1.72805
0.600063
-0.824912
0.0356143
3.41642
0.427575
-5.51498
2.13042
-3.58141
0.555046
-1.96739
-4.51604
0.667727
0.818167
-1.05548
0.712363
-0.487277
-3.53715
-2.06213
-3.69105
-0.851556
0.163487
3.20052
1.03143
2.73628
-3.16792
-1.17558
-0.748397
5.13627
1.31443
-1.44887
2.49981
-1.12544
1.38428
3.97993
-1.8696
1.6398
-1.41112
3.91359
3.08495
-3.64451
-6.35346
6.50057
-0.946506
-0.688943
0.632465
2.81436
-3.21431
-3.71621
2.53963
-0.722121
2.50062
0.552839
-0.341732
0.643269
-4.77073
-5.332
2.89813
1.69989
4.85199
0.563475
0.571919
3.92008
1.85525
-6.153
-5.6034
1.42104
-4.58102
-1.46637
4.72729
-1.49309
1.53618
-1.68027
7.2413
-4.12021
6.05787
3.08391
0.388746
-4.51403
2.61874
3.387
-1.84714
2.4774
-4.11536
2.99214
1.57765
-4.43404
1.79831
-0.495814
4.2532
-1.89916
-3.23422
4.78367
0.4004
-6.17968
-2.48049
-3.69098
-1.64081
2.61244
2.42055
-2.71079
-4.01002
-3.35828
-2.18381
-3.29505
-0.994182
-4.17625
-0.206774
1.86645
-1.33745
-2.34096
3.03097
0.0133279
-0.506029
1.47564
2.62477
-0.249022
7.64374
1.63296
-4.63838
0.391124
-1.52311
3.18617
3.19347
-0.0956386
-6.60355
4.5282
-1.98721
5.74791
1.32553
1.20227
-1.53832
-0.0113841
1.12749
1.20673
-2.72005
1.51405
1.0563
-4.79963
-0.792176
1.24127
3.92544
1.60277
-0.909207
-3.95692
-0.722661
7.06855
-3.98975
2.73524
-1.73571
-5.90232
-6.10458
-3.74547
0.89539
-0.708746
2.57521
3.41924
-1.00967
-2.71471
-1.3328
0.526697
-1.95472
-1.69831
0.577226
-3.50494
2.71263
1.75821
1.57523
1.63659
2.24593
-2.7522
3.10003
-3.65736
1.48528
-1.86372
-7.82742
-2.74156
-1.53295
2.61021
2.03822
-4.16917
-4.7321
3.56886
1.77863
2.9927
-4.44704
-5.46159
-1.92008
3.48292
-4.1432
2.24924
4.45813
-0.553138
3.26043
0.583883
2.24041
2.68692
3.32748
0.189455
0.905304
-7.72781
1.18283
-1.6172
-3.03927
2.63272
0.0503385
-1.42246
0.0564224
-2.3139
-3.15991
1.65521
1.56509
-6.26625
2.03085
-1.14799
-2.77263
-2.99953
-4.10283
5.1502
3.47235
-4.15682
-6.7654
0.387101
-2.4794
4.01529
5.68408
-0.570716
0.958344
-4.20897
-4.60518
-0.142676
-4.66617
-1.24166
-3.49817
5.54854
-0.816435
4.26962
-2.66669
-4.29399
2.46178
2.67676
-3.58219
-6.57554
-2.21316
2.33734
3.45954
1.8296
-1.69723
-0.173625
-5.01082
-4.55156
3.98299
6.05479
-2.39106
-1.08322
-3.2986
-4.54553
0.600459
2.22369
-6.09754
-7.34126
-1.69351
1.95865
-1.39309
1.53787
-4.51899
-0.218374
-2.71203
6.82696
-0.583176
0.16355
-3.58931
2.30059
-2.11211
-1.22505
-0.41862
-2.01131
1.1109
5.84828
2.88517
8.91677
1.42081
1.96678
2.38948
5.94827
-3.07539
0.391751
-5.04833
-0.108738
3.91763
4.61918
2.1162
-1.22589
-6.75575
-3.50745
-4.65492
5.08643
-1.19999
1.44357
0.682032
-5.39051
-7.39705
2.31445
2.80954
4.94744
2.51861
3.1851
1.2186
2.04318
-0.955029
-2.03219
0.155736
-1.64362
2.23207
0.482175
1.93076
4.99398
5.08606
0.971234
-6.37152
0.647999
4.22796
6.03973
-0.42378
-1.03195
-3.98559
-2.33969
3.82702
0.276804
-3.78862
-2.9148
2.22001
0.0366489
-2.84671
1.73827
-0.497059
-2.26328
3.83245
3.76527
0.782175
0.804455
7.99867
4.77548
3.17236
-3.41525
2.65259
-3.28049
-3.58044
1.06391
2.82315
-0.181768
3.97799
2.02673
-1.18147
0.281562
-2.25532
-5.31052
-0.379252
0.225908
7.49823
3.63084
0.984592
-0.806089
-2.88968
3.89504
1.14643
-1.48899
1.83315
2.87047
0.608378
3.31264
2.36516
1.55226
-3.98129
-5.04724
-0.975325
-0.885672
-3.18633
2.8521
-0.443798
-2.71451
3.68416
3.09688
4.79554
-5.14524
-3.64204
-2.00703
-1.96792
-0.525806
5.22888
-4.97812
-5.09701
-3.17745
-2.0102
0.236047
0.337852
-0.930519
1.62396
-2.0387
-0.257149
2.72016
0.747068
2.08079
1.84141
1.12491
-2.35828
2.7934
-2.44122
-0.19509
-4.88138
-0.988918
4.87819
-4.87578
2.39665
1.2249
0.286684
0.184503
0.979042
-1.76356
-6.0488
-0.570819
5.87446
1.72291
4.79026
-1.90306
-1.80052
0.673599
1.52034
2.15598
4.36367
-0.855748
0.656806
1.44796
-2.09581
-0.384535
1.12173
-2.11288
-2.51472
1.34937
-5.612
-2.76117
-0.363435
3.68469
-2.123
-7.2752
6.70849
3.01943
1.77926
3.96422
2.18894
-4.10322
5.32013
4.00003
1.14243
-4.27771
-3.75234
3.56855
-2.93055
-1.02336
-5.5716
1.53006
0.598711
-0.775786
-2.67181
3.59988
-1.83099
-0.267243
-0.538917
-0.239611
2.61482
-3.06956
-0.492104
-0.72395
-1.6399
-1.56651
-4.51557
3.40704
-0.319119
2.42975
-2.31649
-0.534228
-4.32681
-4.7045
2.88042
-4.581
-2.65462
-4.56455
5.75812
-0.150176
3.35753
-0.894437
-2.32063
-1.6892
-5.1348
1.023
3.89829
1.2738
1.67345
-1.90025
-3.77938
3.48219
-4.1938
4.88169
1.64163
4.58855
-1.21197
-4.87653
0.241633
0.32785
4.64778
3.49104
3.42006
2.71787
0.261693
-7.30088
1.19094
-1.79299
-4.4359
0.314993
0.868464
3.74222
5.48521
5.60296
0.224828
-3.11072
3.62426
-3.31069
5.467
1.46613
-0.529092
-3.52651
3.24844
2.05498
-5.5309
-1.57564
3.24331
3.65088
-5.6788
-3.19937
-2.78092
-1.48756
-0.770377
0.943029
-6.52969
-0.951974
-6.3712
-4.55231
-4.47723
8.40646
-3.55151
-0.426176
2.93011
1.8094
-1.58159
1.20747
0.342878
-4.70069
-1.92439
6.7263
-3.62273
4.62169
-0.405316
1.95576
-1.31359
-2.26183
-1.71059
-7.06189
-8.35229
-3.00246
-0.765793
2.31244
2.62114
5.49676
2.66845
3.67238
-0.300948
1.45962
-1.0636
-4.39013
2.32605
-4.81781
-3.6657
1.88651
-4.76435
-7.16142
-0.356776
5.08715
-0.396147
0.352638
3.66858
1.06149
-5.1983
1.69151
-4.41637
1.27338
2.40167
1.1165
-2.1382
1.38249
2.30796
7.33847
0.0842101
2.06392
-3.28015
-3.65945
-4.99959
1.5518
2.03315
-7.09091
-0.64044
-3.02982
1.62635
0.731352
4.69606
-1.13098
1.55954
-1.42041
0.658756
-1.19345
-2.20841
-1.67076
-2.14963
-1.98467
-0.493926
-2.8547
2.83446
-5.16845
4.47276
-3.72695
-5.06337
-0.28169
-5.28031
1.45631
-1.159
1.6053
-4.22882
-0.668192
3.66307
2.58578
-0.113942
-2.25759
7.75808
-2.74961
-1.09975
-2.15206
2.36115
4.17734
2.06581
0.61135
1.57214
-1.59426
6.56834
1.46628
-5.51151
-1.76554
3.06179
-3.86739
-0.435842
-5.5547
-3.6389
-0.483658
2.47696
3.77894
0.621565
0.516597
2.05364
-0.785674
-0.637471
-4.08969
-0.390261
-1.59784
-2.38484
-3.60529
-2.62662
0.796232
2.68873
5.59326
-3.51813
-1.56283
-4.84761
-5.7905
3.53618
1.67582
1.07256
-5.52263
-1.47315
-7.26343
0.0199898
-2.51973
3.66139
-4.54094
-0.786404
2.85983
-3.68534
2.77232
1.57037
3.83216
3.03987
-4.41058
0.356951
1.45384
-2.4356
4.69589
-4.69297
4.52289
5.23256
1.31576
-0.311665
4.80693
2.66608
-3.80152
0.465982
-2.59021
-1.60145
0.46033
2.9255
-1.92755
-0.532183
-1.66764
1.9319
3.31051
-0.896501
1.39653
5.90402
-2.50529
-4.46804
6.67897
3.6024
0.406177
-3.11754
-1.30662
5.05431
-1.62929
-2.46352
3.42044
2.25104
5.49244
-5.28677
2.90755
-0.816344
1.33475
-5.10413
-4.07536
2.11278
3.36627
4.57748
-1.80183
4.50327
-0.168512
0.247476
1.81104
2.60473
2.30128
0.198973
3.42583
4.50833
-7.37188
1.32208
-4.1269
-1.97141
-1.8141
0.30804
2.472
6.889
-1.38276
6.65609
2.0597
-2.6796
-0.234621
-0.0561626
-1.16594
1.16755
3.86099
1.87756
-1.96566
-4.18667
-5.65829
3.61789
-2.57906
-8.50139
-1.04158
-5.81355
1.94208
-1.16881
-5.1323
1.1714
1.62812
4.12752
-2.47116
-4.83492
0.12426
2.04534
1.40505
-3.83597
-7.4588
-5.57952
-4.19949
2.09643
-3.41612
2.56837
-2.4742
3.22822
3.86066
1.5049
-1.43332
2.92023
-1.59092
4.74509
-3.6256
6.06992
0.0541442
-5.14612
-1.40414
-5.52843
4.34517
-1.68066
3.97407
-0.958984
-0.82612
-6.71484
3.2204
-4.44058
-0.941241
2.6249
6.48479
-4.88042
-0.507022
-0.978247
-1.94552
-0.561344
5.4557
-4.20941
-1.53635
-0.435827
-5.06307
2.3076
-3.42752
3.41321
-1.04013
4.84828
1.92283
2.06556
-2.26787
0.446556
-0.476846
0.845932
0.646317
-0.901088
3.53351
-0.00529692
-1.64358
1.24929
1.72821
-1.82487
-2.30268
1.58951
1.41392
-5.84136
1.709
-5.10868
1.48126
2.30738
1.0851
0.775932
-4.05765
-1.31608
